15 1755489240 1760701830
15 1760176246 1762056248
15 1760196134 1762060062
15 1755707493 1760860464
15 1760204882 1762050863
15 1749972843 1755562923
15 1749972800 1755477818
15 1749972799 1755848864
15 1755572518 1760794512
15 1755859226 1760936306
15 1749972828 1755423755
15 1755860231 1760966009
15 1749972838 1755843269
15 1755434444 1760708707
15 1755597114 1760805559
15 1760551394 1762276947
15 1749972806 1755241190
15 1749972853 1755696905
15 1755253050 1760548975
15 1749972793 1755583815
15 1760131459 1762101956
