11 1755332610 1760717512
11 1749972806 1755206294
11 1749972811 1755646055
11 1749972824 1755325843
11 1760238466 1762285161
11 1749972839 1755636375
11 1760280499 1762292213
11 1760285899 1762353042
11 1760285987 1762352938
11 1749972811 1755316763
11 1760547961 1762355635
11 1749972807 1755669369
11 1755215153 1760655044
11 1760591302 1762397759
11 1755644370 1760833010
11 1749972801 1755471010
11 1755657812 1760809130
11 1760636115 1762383484
11 1755328197 1760588596
11 1755481929 1760632607
11 1755677090 1760705483
11 1760657842 1762335457
11 1749972825 1755317443
11 1755328657 1760541693
