19 1749972900 1755616674
19 1755717221 1760717466
19 1755352023 1760611623
19 1755365869 1760617148
19 1749972929 1755455117
19 1760536133 1762553160
19 1749972847 1755337852
19 1749972973 1755700566
19 1760536549 1762554569
19 1755609266 1760694357
19 1749972924 1755355220
19 1755190634 1760564760
19 1760568001 1762593595
19 1755633867 1760640278
19 1749972970 1755646303
19 1760615291 1762583996
19 1755656166 1760533469
19 1760623714 1762545096
19 1749972869 1755175683
19 1755468561 1760533429
19 1759918867 1762307830
19 1749972845 1755595507
19 1759939389 1762299100
19 1759941077 1762218508
19 1759943685 1762285805
19 1760644872 1762537913
