17 1761254555 1762941427
17 1750747840 1756218101
17 1761260551 1762941880
17 1756560996 1761726511
17 1761264959 1762973653
17 1750747844 1756013491
17 1750747865 1756550121
17 1761268868 1762974369
17 1756378888 1761761033
17 1756651802 1761779121
17 1750747786 1756257118
17 1750747780 1756633487
17 1756233699 1761599699
17 1750747796 1756088713
17 1756025114 1761502816
17 1750747834 1756366222
17 1756259902 1761540280
17 1756100776 1761458680
17 1756270381 1761466802
17 1750747888 1756245342
17 1761462568 1763001852
