10 1743242017 1748380076
10 1743242071 1748753873
10 1748627969 1754043284
10 1743242012 1748609443
10 1743242040 1748915343
10 1748869779 1754180058
10 1743242031 1748458835
10 1748386150 1753979872
10 1753605825 1755475989
10 1743242069 1748860080
10 1748467268 1754030225
10 1753606627 1755506844
10 1748472965 1753932901
10 1753628786 1755499850
10 1748922327 1754151072
10 1753632472 1755518184
10 1743242065 1748732953
10 1748744227 1753984131
10 1753923549 1755543730
10 1753936333 1755500992
10 1743242055 1748466847
10 1748767565 1753919790
