12 1755387996 1760820018
12 1755387970 1760625827
12 1755387983 1761088184
12 1755387985 1760851707
12 1760997106 1766270178
12 1755388004 1761094445
12 1760832432 1766205520
12 1765729394 1767590326
12 1755387974 1760729835
12 1765747524 1767622696
12 1755387949 1761065528
12 1760864403 1766216848
12 1760643977 1766145726
12 1766026388 1767664698
12 1765776056 1767628141
12 1765781596 1767584353
12 1755387960 1760983325
12 1761076787 1766174985
12 1760745865 1766023935
12 1761104660 1766152395
12 1761106236 1766189306
