18 1743242028 1748730278
18 1748624622 1754002254
18 1748787470 1754127450
18 1748822462 1753982754
18 1753499715 1755405019
18 1753504367 1755483468
18 1753509954 1755489753
18 1743242028 1748683632
18 1743242003 1748505857
18 1743242035 1748914213
18 1748694902 1754010687
18 1753837320 1755585020
18 1748405071 1753921789
18 1743242017 1748619479
18 1743242044 1748812507
18 1753863000 1755573027
18 1748928440 1754109297
18 1743241982 1748389242
18 1748528029 1753832314
18 1748745377 1753860260
18 1743242010 1748775008
18 1753925118 1755563119
18 1753409071 1755425456
