14 1748971435 1754201682
14 1753727044 1755395107
14 1753737790 1755398127
14 1743242074 1748963587
14 1753740590 1755391139
14 1748633415 1754161554
14 1748843799 1754206007
14 1753743343 1755422052
14 1743241984 1748625607
14 1743242079 1749145962
14 1749007378 1754265037
14 1749032689 1754290292
14 1743242040 1748898052
14 1743242050 1748989842
14 1749158718 1754365617
14 1748720115 1754199209
14 1748914071 1754263903
14 1743242002 1748710892
14 1743241989 1749015351
14 1743241995 1748835969
