13 1750747748 1756343463
13 1750747766 1756079645
13 1750747804 1756442841
13 1756355001 1761687210
13 1750747773 1756165244
13 1756174210 1761615084
13 1756373809 1761719301
13 1756181649 1761690282
13 1750747784 1756444129
13 1750747767 1756173156
13 1756234480 1761614589
13 1750747776 1756360323
13 1761139892 1762972830
13 1761177628 1762942473
13 1761179658 1762942037
13 1750747782 1756225584
13 1756085696 1761522438
13 1756458256 1761557986
13 1756460228 1761517518
13 1761183470 1762902996
