16 1761113538 1766364734
16 1755387970 1760889142
16 1755387987 1760657102
16 1755388007 1761103083
16 1760796468 1766259800
16 1761229491 1766512822
16 1755388000 1760860574
16 1761008089 1766305431
16 1755387968 1761222635
16 1755387983 1760782674
16 1760866557 1766282275
16 1760872016 1766266208
16 1755388030 1760993487
16 1760664268 1766219436
16 1765802653 1767574076
16 1760894657 1766147133
16 1765814562 1767527911
16 1755387964 1760856332
16 1765834244 1767552772
16 1765838136 1767594877
